# Name: Rick Miyamoto
# Target image name: 
# Reference image name: 
# Number of target macro blocks: 12 x 9 (image size is 192 x 144)
[0,0] [0,0] [0,0] [0,0] [0,0] [0,0] [0,0] [0,0] [0,0] [0,0] [0,0] [0,0] 
[0,0] [0,0] [0,0] [0,0] [0,0] [0,0] [0,0] [0,0] [0,0] [0,0] [0,0] [0,0] 
[0,0] [0,0] [0,0] [0,0] [0,0] [0,0] [0,0] [0,0] [0,0] [0,0] [0,0] [0,0] 
[0,0] [0,0] [0,0] [0,0] [0,0] [0,0] [0,0] [0,0] [0,0] [0,0] [0,0] [0,0] 
[0,0] [0,0] [0,0] [0,0] [0,0] [0,0] [0,0] [0,0] [0,0] [0,0] [0,0] [0,0] 
[0,0] [0,0] [0,0] [0,0] [0,0] [0,0] [0,2] [-2,1] [0,0] [0,0] [0,0] [0,0] 
[0,0] [0,0] [0,0] [0,0] [0,0] [0,0] [0,1] [2,2] [0,0] [0,0] [0,0] [0,0] 
[0,0] [0,0] [0,0] [0,0] [0,0] [0,0] [0,0] [0,0] [0,0] [0,0] [0,0] [0,0] 
[0,0] [0,0] [0,0] [0,0] [0,0] [0,0] [0,0] [0,0] [0,0] [0,0] [0,0] [0,0] 