# Name: Rick Miyamoto
# Target image name: Walk_059.ppm
# Reference image name: Walk_058.ppm
# Number of target macro blocks: 12 x 9 (image size is 192 x 144)

[0,0] [0,0] [0,0] [0,0] [0,0] [0,0] [0,0] [0,0] [0,0] [0,0] [0,0] [0,0] 
[0,0] [0,0] [0,0] [0,0] [0,0] [0,0] [0,0] [0,0] [0,0] [0,0] [0,0] [0,0] 
[0,0] [0,0] [0,0] [0,0] [0,0] [0,0] [0,0] [0,0] [0,0] [0,0] [0,0] [0,0] 
[0,0] [0,0] [0,0] [0,0] [0,0] [0,0] [0,0] [0,0] [0,0] [0,0] [0,0] [0,0] 
[0,0] [0,0] [0,0] [0,0] [0,0] [0,0] [0,0] [0,0] [0,0] [0,0] [0,0] [0,0] 
[0,0] [0,0] [0,0] [0,0] [0,0] [0,0] [0,2] [1,2] [0,0] [0,0] [0,0] [0,0] 
[0,0] [0,0] [0,0] [0,0] [0,0] [0,0] [0,1] [1,2] [0,0] [0,0] [0,0] [0,0] 
[0,0] [0,0] [0,0] [0,0] [0,0] [0,0] [0,0] [0,0] [0,0] [0,0] [0,0] [0,0] 
[0,0] [0,0] [0,0] [0,0] [0,0] [0,0] [0,0] [0,0] [0,0] [0,0] [0,0] [0,0] 